Ac = [0	1	0	0
0	-10.9500000000000	-2.75000000000000	0.00430000000000000
0	0	0	1
0	24.9200000000000	28.5800000000000	-0.0440000000000000]

Bc = [0
1.94000000000000
0
-4.44000000000000]

Converted to discrete dynamics with 0.01 zoh

[Ad, Bd, Cd, Dd] = c2dm(Ac, Bc, Cc, Dc, 0.01, 'zoh');

Ad = [1	0.00947193803630617	-0.000132627759153550	-2.38689199167725e-07
0	0.896276330367604	-0.0260546513371542	-9.18879232726701e-05
0	0.00120185142329634	1.00141801429893	0.0100025527303734
0	0.236103340955810	0.282567865620007	1.00098306993991]

Bd = [9.35561940933733e-05
0.0183766195704783
-0.000214178356863643
-0.0420797423616630]

Ac = [0	1	0	0	0	0
0	0	1	0	0	0
0	-0.000100000000000000	-2	0	0	0
0	0	0	0	1	0
0	0	0	0	0	1
0	0	0	0	-0.000100000000000000	-2]

Bc = [0	0
0	0
2	0
0	0
0	0
0	2]

Ad = [1	0.0499999979677255	0.00120935448396434	0	0	0
0	0.999999879064552	0.0475812889997968	0	0	0
0	-4.75812889997968e-06	0.904837301064958	0	0	0
0	0	0	1	0.0499999979677255	0.00120935448396434
0	0	0	0	0.999999879064552	0.0475812889997968
0	0	0	0	-4.75812889997968e-06	0.904837301064958]

Bd = [4.06454905062686e-05	0
0.00241870896792868	0
0.0951625779995936	0
0	4.06454905062686e-05
0	0.00241870896792868
0	0.0951625779995936]